356 0.999562007344291 -1 TRUE 356
360 0.0634994725230023 1 TRUE 356
361 0.999851862204008 -1 TRUE 356
492 0.0987705247041035 -1 TRUE 356
500 0.957783385280855 -1 TRUE 356
502 0.235706721660431 -1 TRUE 356
519 0.548781523727993 -1 TRUE 356
356 0.995784063940173 -1 TRUE 360
360 0.998862549224204 -1 TRUE 360
361 0.998902639724047 -1 TRUE 360
492 0.991338541596724 -1 TRUE 360
500 0.914413828400446 -1 TRUE 360
502 0.96847784982094 -1 TRUE 360
519 0.968720264112065 -1 TRUE 360
356 0.998266255863519 -1 TRUE 361
360 0.964505952443569 -1 TRUE 361
361 0.998867826258721 -1 TRUE 361
492 0.928825133428994 -1 TRUE 361
500 0.993783523011771 -1 TRUE 361
502 0.997474669467941 -1 TRUE 361
519 0.968856501345153 -1 TRUE 361
356 0.993741739755564 -1 TRUE 492
360 0.906164085751439 -1 TRUE 492
361 0.999555623927392 -1 TRUE 492
492 0.995734833341663 -1 TRUE 492
500 0.813763304975798 -1 TRUE 492
502 0.822250463826566 -1 TRUE 492
519 0.997837646590716 -1 TRUE 492
356 0.975349654031354 -1 TRUE 500
360 0.970329488178649 -1 TRUE 500
361 0.975191055452124 -1 TRUE 500
492 0.987823933155036 -1 TRUE 500
500 0.984320900906465 -1 TRUE 500
502 0.986671295170967 -1 TRUE 500
519 0.985339260212377 -1 TRUE 500
356 0.953554332435284 -1 TRUE 502
360 0.997772024044874 -1 TRUE 502
361 0.996270403391454 -1 TRUE 502
492 0.789955433331272 -1 TRUE 502
500 0.997775084503382 -1 TRUE 502
502 0.996965377209631 -1 TRUE 502
519 0.993629982634917 -1 TRUE 502
356 0.837016810196047 -1 TRUE 519
360 0.543402202173855 -1 TRUE 519
361 0.973385374274939 -1 TRUE 519
492 0.0862343061114875 -1 TRUE 519
500 0.010752701344252 1 TRUE 519
502 0.573406445970018 -1 TRUE 519
519 0.998823677691417 -1 TRUE 519
